[{"id": 0, "img_name": "000009.png", "width": 512, "height": 424, "position": [0.5667832494575705, 0.14080599555364104, -0.30858908123475165], "rotation": [[-0.0900932327895509, -0.43774464832991844, 0.8945741066362497], [-0.9957868357188159, 0.05499900611898947, -0.07337361334316252], [-0.01708178019517866, -0.8974155849908335, -0.4408553964747674]], "fy": 369.86455265999996, "fx": 369.87958984}, {"id": 1, "img_name": "000015.png", "width": 512, "height": 424, "position": [1.1094795073127535, 0.22884040913437134, -0.5088217962205973], "rotation": [[-0.07152577025458658, -0.43869332261732374, 0.895785818642191], [-0.9972924731365675, 0.04683413825975302, -0.0566946780448985], [-0.01708178019517819, -0.8974155849908328, -0.44085539647476724]], "fy": 369.86455265999996, "fx": 369.87958984}, {"id": 2, "img_name": "000174.png", "width": 512, "height": 424, "position": [0.9865273633394065, -1.8813561782233548, 3.791507884547371], "rotation": [[-0.10796280836676733, 0.43999726316952636, -0.8914855245111317], [0.9940081713924309, 0.032367826910178046, -0.1044034433636574], [-0.01708178019517821, -0.8974155849908332, -0.4408553964747676]], "fy": 369.86455265999996, "fx": 369.87958984}, {"id": 3, "img_name": "000194.png", "width": 512, "height": 424, "position": [0.5132390385479934, -1.8998364531184373, 3.8474652212070897], "rotation": [[-0.2580467322925022, 0.4299392870487805, -0.8651959855461352], [0.9659814163525744, 0.09898220682297916, -0.2389192876138878], [-0.017081780195178555, -0.8974155849908332, -0.44085539647476735]], "fy": 369.86455265999996, "fx": 369.87958984}, {"id": 4, "img_name": "000291.png", "width": 512, "height": 424, "position": [-0.15047240351895763, 0.3668881625098841, -0.7410158094352969], "rotation": [[0.2501671069625259, -0.4307315459615485, 0.8671140374296651], [-0.9680519776227741, -0.09547566773338273, 0.23186152223148407], [-0.017081780195178385, -0.8974155849908332, -0.4408553964747674]], "fy": 369.86455265999996, "fx": 369.87958984}, {"id": 5, "img_name": "000299.png", "width": 512, "height": 424, "position": [-0.8261591143472012, 0.5034171148856903, -0.992756581300161], "rotation": [[0.31400428791968094, -0.4234269357822763, 0.8497711087240412], [-0.9492678862962854, -0.12391488155017086, 0.2890252275788213], [-0.017081780195178375, -0.8974155849908331, -0.4408553964747674]], "fy": 369.86455265999996, "fx": 369.87958984}]