[{"id": 0, "img_name": "000001.png", "width": 512, "height": 424, "position": [0.29125065110816745, -0.043632518606439706, -2.848939859708926e-17], "rotation": [[0.04234989257403775, -0.44117342814916216, 0.8964220506514122], [-0.9989568055648506, -0.003357694250052704, 0.04554148114622622], [-0.017081780195178274, -0.8974155849908331, -0.44085539647476746]], "fy": 369.86455265999996, "fx": 369.87958984}, {"id": 1, "img_name": "000002.png", "width": 512, "height": 424, "position": [0.33077150754539786, 0.04851237922158409, -2.0627531251235544e-17], "rotation": [[0.389874636458061, -0.4119965323149284, 0.8235633704865517], [-0.9207094985021379, -0.15781040895972281, 0.3569172091562785], [-0.017081780195178406, -0.8974155849908331, -0.44085539647476746]], "fy": 369.86455265999996, "fx": 369.87958984}, {"id": 2, "img_name": "000008.png", "width": 512, "height": 424, "position": [0.44029429006257015, 0.628023687252602, 2.152606565391237e-17], "rotation": [[0.29178155803543715, -0.4262015294994062, 0.8562801986749312], [-0.9563324396755432, -0.11400668431248923, 0.2691295984396664], [-0.017081780195178444, -0.8974155849908332, -0.4408553964747674]], "fy": 369.86455265999996, "fx": 369.87958984}, {"id": 3, "img_name": "000022.png", "width": 512, "height": 424, "position": [0.9110381447116731, 1.6467134750244852, 5.281263557973521e-17], "rotation": [[-0.3690734944635712, -0.40412211158657096, 0.8369409026993838], [-0.9292432235264414, 0.1770044822663305, -0.3243091808565036], [-0.01708178019517846, -0.8974155849908332, -0.44085539647476735]], "fy": 369.86455265999996, "fx": 369.87958984}, {"id": 4, "img_name": "000172.png", "width": 512, "height": 424, "position": [5.198094600981948, -0.38023568161932214, -3.6584353114166687e-16], "rotation": [[0.10049295199064015, 0.43714608653480663, -0.8937586170927305], [0.9947911234955658, -0.05956984843747807, 0.08271670793476585], [-0.017081780195178586, -0.8974155849908331, -0.44085539647476735]], "fy": 369.86455265999996, "fx": 369.87958984}, {"id": 5, "img_name": "000177.png", "width": 512, "height": 424, "position": [4.024361738385075, -0.4662474991674872, 3.823062469743029e-16], "rotation": [[0.7547839555005749, 0.27760194702218954, -0.5943385731453039], [0.6557510147184445, -0.3429029408229833, 0.6726129495264563], [-0.01708178019517857, -0.8974155849908328, -0.4408553964747675]], "fy": 369.86455265999996, "fx": 369.87958984}, {"id": 6, "img_name": "000193.png", "width": 512, "height": 424, "position": [4.291858031262849, 0.734141692066256, 1.8557037419276118e-16], "rotation": [[0.17779873462121304, 0.4311660779505865, -0.884580930832111], [0.9839186057558107, -0.09349374866946732, 0.15219427126955637], [-0.017081780195178732, -0.8974155849908328, -0.44085539647476735]], "fy": 369.86455265999996, "fx": 369.87958984}, {"id": 7, "img_name": "000194.png", "width": 512, "height": 424, "position": [4.2780654508620275, 0.6115042811183872, -3.6805771875336205e-16], "rotation": [[-0.2580467322925022, 0.4299392870487805, -0.8651959855461352], [0.9659814163525744, 0.09898220682297916, -0.2389192876138878], [-0.017081780195178555, -0.8974155849908332, -0.44085539647476735]], "fy": 369.86455265999996, "fx": 369.87958984}, {"id": 8, "img_name": "000206.png", "width": 512, "height": 424, "position": [4.236459502799866, 1.3485573846962657, -1.5959198766889323e-16], "rotation": [[-0.27060935296678035, 0.4286132897712533, -0.8620099917740887], [0.9625376828323472, 0.10457492838641749, -0.2501705288012789], [-0.017081780195178434, -0.8974155849908332, -0.44085539647476735]], "fy": 369.86455265999996, "fx": 369.87958984}, {"id": 9, "img_name": "000215.png", "width": 512, "height": 424, "position": [4.1434223388199385, 1.8901251508856283, -3.853196131854588e-16], "rotation": [[-0.4870985562189905, 0.39252757937129834, -0.7801647876969864], [0.8731799409713549, 0.20141342370475188, -0.4438349056088216], [-0.017081780195178496, -0.8974155849908331, -0.44085539647476735]], "fy": 369.86455265999996, "fx": 369.87958984}, {"id": 10, "img_name": "000227.png", "width": 512, "height": 424, "position": [3.4645051455611084, 2.363211078804799, 3.645678881792444e-16], "rotation": [[-0.8113777035710723, 0.27009650439719857, -0.518376408086005], [0.5842725690404248, 0.34884544733731976, -0.7327567256183515], [-0.017081780195178305, -0.8974155849908334, -0.44085539647476774]], "fy": 369.86455265999996, "fx": 369.87958984}, {"id": 11, "img_name": "000239.png", "width": 512, "height": 424, "position": [2.6763651288567196, 2.370315070519222, -1.3015903309132637e-16], "rotation": [[-0.8524496453948113, 0.24349889957274368, -0.4626422894344213], [0.522530204726601, 0.3679042724981918, -0.7691609918774823], [-0.01708178019517837, -0.8974155849908331, -0.44085539647476735]], "fy": 369.86455265999996, "fx": 369.87958984}, {"id": 12, "img_name": "000249.png", "width": 512, "height": 424, "position": [2.001939147761073, 2.299074272261411, -6.608672412918083e-16], "rotation": [[-0.923582381447752, -0.15474326985316997, 0.35078498416330045], [-0.3830193173518296, 0.4131583089455055, -0.8261939326118465], [-0.01708178019517832, -0.8974155849908328, -0.4408553964747669]], "fy": 369.86455265999996, "fx": 369.87958984}, {"id": 13, "img_name": "000260.png", "width": 512, "height": 424, "position": [1.2220185627287228, 1.8101679887830922, 2.6576420077373823e-16], "rotation": [[-0.759198151939651, -0.2752783402426506, 0.589779621116795], [-0.6506353655287901, 0.3447710881277782, -0.676614009546363], [-0.017081780195178534, -0.8974155849908332, -0.44085539647476757]], "fy": 369.86455265999996, "fx": 369.87958984}, {"id": 14, "img_name": "000299.png", "width": 512, "height": 424, "position": [1.3161937315698757, -0.4349337472187383, -6.803231726487036e-17], "rotation": [[0.31400428791968094, -0.4234269357822763, 0.8497711087240412], [-0.9492678862962854, -0.12391488155017086, 0.2890252275788213], [-0.017081780195178375, -0.8974155849908331, -0.4408553964747674]], "fy": 369.86455265999996, "fx": 369.87958984}]